pols
-5 -5 0 -5 5 0 5 -5 0 255 255 255 0.0
5 5 0 -5 5 0 5 -5 0 255 255 255 0.0
-0.5 -0.5 0.0 0.5 -0.5 0.0 -0.5 0.5 0.0 160 11 229 0.0
0.5 -0.5 0.0 0.5 0.5 0.0 -0.5 0.5 0.0 160 11 229 0.0
-0.5 -0.5 0.0 -0.5 -0.5 1.0 0.5 -0.5 1.0 160 11 229 0.0
0.5 -0.5 1.0 0.5 -0.5 0.0 -0.5 -0.5 0.0 160 11 229 0.0
-0.5 -0.5 1.0 0.5 -0.5 1.0 0.5 0.5 1.0 160 11 229 0.0
0.5 0.5 1.0 -0.5 0.5 1.0 -0.5 -0.5 1.0 160 11 229 0.0
-0.5 -0.5 0.0 -0.5 0.5 0.0 -0.5 0.5 1.0 160 11 229 0.0
-0.5 0.5 1.0 -0.5 -0.5 1.0 -0.5 -0.5 0.0 160 11 229 0.0
0.5 -0.5 0.0 0.5 -0.5 1.0 0.5 0.5 1.0 160 11 229 0.0
0.5 0.5 1.0 0.5 0.5 0.0 0.5 -0.5 0.0 160 11 229 0.0
0.5 0.5 0.0 -0.5 0.5 0.0 -0.5 0.5 1.0 160 11 229 0.0
-0.5 0.5 1.0 0.5 0.5 1.0 0.5 0.5 0.0 160 11 229 0.0
lights
0 2 1 1.5 0 0 0 -1
sphs
0 0 1.5 0.5 85 237 128
cam
1.5 3 1.5 -0.431934 -0.863868 -0.259161 1920 1080 90
